101
1.547454 -4.163532
1.679288 -3.608808
1.841526 -3.062239
1.960170 -2.504672
2.128130 -1.960107
2.266268 -1.407125
2.431290 -0.861546
2.545537 -0.303047
2.710522 0.243192
2.850614 0.795718
3.112402 1.302624
3.682352 1.313516
4.251754 1.286969
4.817721 1.353987
5.199075 1.777897
5.143838 2.345460
4.641712 2.614187
4.071401 2.614011
3.501619 2.610057
2.931575 2.615929
2.361529 2.610561
1.791471 2.616842
1.220956 2.628715
0.651410 2.615574
0.081126 2.615030
-0.489130 2.611372
-1.059036 2.615711
-1.629104 2.622164
-2.198944 2.611324
-2.768269 2.585235
-3.328401 2.477218
-3.876406 2.318397
-4.366343 2.026797
-4.818511 1.679668
-5.140205 1.208671
-5.046602 0.645481
-4.578098 0.319519
-4.013481 0.404022
-3.625685 0.822244
-3.153017 1.140922
-2.602430 1.289925
-2.355516 0.776000
-2.506495 0.226267
-2.718868 -0.303055
-2.879482 -0.850234
-3.085222 -1.381662
-3.249472 -1.927540
-3.452607 -2.460094
-3.622238 -3.004201
-3.825477 -3.536857
-3.999331 -4.080029
-4.199644 -4.613811
-4.376437 -5.155880
-4.567422 -5.693355
-4.323461 -6.209259
-3.768301 -6.339226
-3.223746 -6.170330
-2.938835 -5.674832
-2.781480 -5.126292
-2.592017 -4.588756
-2.421652 -4.044561
-2.234327 -3.505516
-2.064899 -2.961204
-1.870235 -2.425029
-1.714166 -1.876447
-1.525764 -1.338433
-1.347460 -0.797064
-1.178916 -0.252496
-0.996518 0.287507
-0.818489 0.829083
-0.533364 1.324018
0.037381 1.299500
0.607438 1.299750
1.177588 1.305975
1.374078 0.771212
1.225620 0.220622
1.078297 -0.329979
0.925552 -0.879196
0.760366 -1.424702
0.643120 -1.982675
0.470310 -2.525805
0.348533 -3.082574
0.163307 -3.621793
0.045937 -4.179706
-0.016590 -4.746263
0.065723 -5.310315
0.309117 -5.825674
0.767044 -6.165444
1.294173 -6.382543
1.863928 -6.391234
2.434070 -6.378043
2.970990 -6.186947
3.498846 -5.971974
3.900878 -5.567932
3.967489 -5.001749
3.586900 -4.577422
3.020950 -4.508868
2.579259 -4.869201
2.021635 -4.987511
1.511595 -4.732550
1.547454 -4.163532
